0.0548,0.0244,-0.0884,2.75,0.00,0.60,0.78,0.29,1.24,1.74,0.04
0.5088,0.0341,-0.0137,2.81,0.00,0.60,0.79,0.25,1.24,1.81,0.04
0.9833,0.0480,-0.0246,2.91,0.00,0.57,0.78,0.22,1.23,1.91,0.04
1.4729,0.0520,0.0009,3.01,0.00,0.57,0.77,0.21,1.19,2.05,0.04
1.9424,0.0983,-0.0035,3.14,0.00,0.54,0.75,0.16,1.20,2.16,0.04
2.3358,0.0428,0.0208,3.26,0.00,0.50,0.79,0.16,1.17,2.30,0.04
2.8669,0.0330,0.0405,3.46,0.00,0.47,0.82,0.14,1.15,2.52,0.04
-0.4553,-0.0368,-0.0066,2.48,0.00,0.72,0.79,0.39,1.15,1.55,0.04
-1.0331,-0.0529,0.0503,2.37,0.00,0.78,0.78,0.42,1.16,1.43,0.04
-1.4044,-0.0767,-0.0524,2.29,0.00,0.80,0.81,0.43,1.19,1.41,0.04
-1.9837,0.0019,0.0501,2.24,0.00,0.90,0.75,0.44,1.25,1.30,0.04
-2.4801,-0.0520,0.0117,2.15,0.00,0.92,0.79,0.48,1.24,1.25,0.04
-2.8739,0.0507,-0.0596,2.11,0.00,0.98,0.76,0.51,1.24,1.21,0.04
-0.0639,0.0320,-0.0778,2.46,0.00,0.75,0.82,0.38,1.21,1.59,0.04
-0.0913,0.4888,0.0261,2.59,0.00,0.95,0.51,0.33,1.34,1.50,0.04
-0.0541,0.9032,0.0851,2.73,0.00,1.22,0.20,0.23,1.56,1.48,0.04
-0.0665,1.4914,-0.0137,2.82,0.00,1.60,0.16,0.00,2.26,1.50,0.04
0.0032,1.8567,0.0339,2.92,0.00,1.94,0.12,0.00,2.82,1.57,0.04
-0.0352,2.2803,0.0326,2.78,0.31,2.08,0.09,0.00,3.11,1.72,0.04
-0.0735,2.8065,0.0176,2.52,0.95,2.06,0.07,0.00,3.32,1.88,0.04
0.0579,-0.4595,-0.0321,2.21,0.00,1.03,0.78,0.35,0.90,1.89,0.04
0.0517,-0.9141,-0.0917,2.04,0.00,0.64,1.31,0.53,0.67,1.90,0.04
0.0639,-1.4961,-0.0872,1.86,0.00,0.36,2.02,0.76,0.42,2.10,0.04
0.0684,-1.9671,0.0360,1.78,0.00,0.27,2.56,0.92,0.32,2.30,0.11
0.0552,-2.3341,-0.0804,1.81,0.00,0.23,2.89,0.92,0.36,2.35,0.35
-0.0336,-2.9955,-0.1115,1.83,0.00,0.19,3.36,0.91,0.42,2.37,0.70
-0.0056,-0.0535,0.0628,2.55,0.00,0.75,0.85,0.75,1.05,1.39,0.04
0.0335,-0.0183,1.0296,2.58,0.00,0.87,0.80,0.73,1.08,1.12,0.04
0.5169,-0.0283,1.0196,2.64,0.00,0.85,0.83,0.66,1.08,1.26,0.04
0.9819,-0.0020,1.0165,2.75,0.00,0.80,0.84,0.60,1.08,1.40,0.04
1.5544,0.0201,1.0364,2.89,0.00,0.76,0.83,0.50,1.06,1.57,0.04
2.0064,0.0228,1.0614,3.04,0.00,0.73,0.81,0.43,1.06,1.75,0.04
2.4298,0.0304,1.0722,3.20,0.00,0.70,0.80,0.36,1.06,1.93,0.04
2.9272,0.0417,1.0755,3.45,0.00,0.66,0.77,0.28,1.06,2.18,0.04
-0.4871,0.0328,1.0325,2.42,0.00,1.10,0.63,0.71,1.10,1.00,0.04
-0.9305,-0.0264,0.9428,2.31,0.00,1.12,0.67,0.74,1.11,0.96,0.04
-1.4677,-0.0365,1.0428,2.25,0.00,1.24,0.63,0.75,1.14,0.87,0.04
-2.0007,-0.0898,1.0202,2.17,0.00,1.26,0.64,0.80,1.12,0.83,0.04
-2.4947,0.0025,0.9851,2.13,0.00,1.38,0.59,0.83,1.11,0.79,0.04
-2.9281,0.0365,1.0654,2.06,0.00,1.44,0.50,0.85,1.11,0.79,0.04
-0.0421,0.5442,1.0879,2.59,0.00,1.43,0.26,0.58,1.27,1.15,0.04
-0.0962,1.0148,1.0589,2.64,0.00,1.75,0.18,0.37,1.78,1.15,0.04
-0.0478,1.3753,1.0459,2.71,0.00,2.04,0.14,0.11,2.37,1.17,0.04
-0.0896,1.6907,0.9703,2.76,0.00,2.26,0.11,0.00,2.81,1.22,0.04
-0.2070,2.3697,0.9991,2.44,0.58,2.28,0.09,0.00,2.99,1.47,0.04
0.0368,2.4775,0.9942,2.47,0.72,2.26,0.08,0.00,3.06,1.51,0.04
-0.0290,2.9102,1.0502,2.29,1.27,2.25,0.07,0.00,3.29,1.64,0.04
0.0079,-0.5187,0.9613,2.03,0.00,1.04,0.96,0.54,0.73,1.48,0.04
0.0245,-0.8670,1.0336,1.91,0.00,0.73,1.37,0.67,0.56,1.44,0.04
0.0358,-1.4316,1.0039,1.80,0.00,0.42,2.07,0.89,0.39,1.65,0.04
0.0509,-1.8668,0.9777,1.78,0.00,0.33,2.51,0.98,0.34,1.85,0.10
-0.0142,-2.4026,1.0071,1.82,0.00,0.26,2.91,0.95,0.44,1.82,0.41
-0.0500,-3.0326,0.9970,1.71,0.00,0.22,3.44,0.95,0.39,1.94,0.69
-0.0397,-0.0383,-1.0047,2.45,0.00,0.67,0.75,0.77,1.05,1.53,0.04
0.5477,-0.0501,-1.0499,2.58,0.00,0.60,0.76,0.68,1.05,1.70,0.04
1.0514,-0.0458,-1.0796,2.71,0.00,0.55,0.77,0.60,1.06,1.86,0.04
1.4959,-0.0549,-1.0371,2.82,0.00,0.52,0.77,0.51,1.04,2.01,0.04
1.8841,-0.0444,-1.0475,2.95,0.00,0.47,0.77,0.43,1.04,2.17,0.04
2.4448,-0.0370,-1.0962,3.17,0.00,0.43,0.76,0.32,1.04,2.48,0.04
2.8705,-0.0122,-0.9991,3.37,0.00,0.41,0.74,0.24,1.05,2.68,0.04
-0.4823,-0.0745,-1.0375,2.25,0.00,0.77,0.67,0.75,1.06,1.37,0.04
-0.9772,-0.0177,-1.0186,2.17,0.00,0.83,0.62,0.80,1.09,1.24,0.04
-1.5757,-0.0898,-1.0094,2.06,0.00,0.85,0.69,0.86,1.09,1.15,0.04
-2.1982,-0.2025,-1.0588,1.91,0.00,0.86,0.76,0.94,1.05,1.08,0.04
-2.5399,0.0037,-1.1002,1.92,0.00,0.97,0.62,0.95,1.07,1.03,0.04
-3.0155,-0.0867,-1.0608,1.83,0.00,1.01,0.70,1.02,1.04,0.97,0.04
-0.0248,0.5589,-1.0028,2.55,0.00,0.93,0.25,0.59,1.30,1.33,0.04
-0.0108,0.8204,-1.0778,2.56,0.00,1.12,0.18,0.43,1.69,1.34,0.04
-0.0056,1.3966,-1.0296,2.60,0.00,1.59,0.13,0.04,2.52,1.36,0.04
-0.0611,1.9233,-1.0252,2.64,0.06,1.92,0.09,0.00,3.06,1.49,0.04
-0.0681,2.5640,-0.9946,2.35,0.84,1.90,0.07,0.00,3.35,1.73,0.04
-0.0594,2.9506,-1.0339,2.21,1.27,1.89,0.06,0.00,3.51,1.85,0.04
0.0526,-0.5174,-1.0972,1.93,0.00,0.72,0.88,0.52,0.72,1.82,0.04
0.0596,-1.0072,-1.0596,1.75,0.00,0.42,1.46,0.70,0.48,1.90,0.04
0.0590,-1.4635,-0.9785,1.65,0.00,0.29,2.07,0.91,0.32,2.18,0.04
0.0273,-1.5542,-1.0030,1.68,0.00,0.28,2.21,0.93,0.35,2.19,0.11
0.0194,-2.0369,-1.0515,1.63,0.00,0.23,2.58,0.93,0.34,2.30,0.32
-0.0890,-2.5218,-1.0580,1.60,0.00,0.19,2.93,0.90,0.36,2.36,0.54
-0.0273,-2.9307,-1.0251,1.59,0.00,0.16,3.31,0.88,0.37,2.41,0.81
0.0333,-0.0938,-0.1008,2.30,0.00,0.73,0.84,0.80,0.93,1.25,0.04
0.0664,0.0122,2.9519,2.38,0.00,1.26,0.67,0.73,1.00,0.51,0.04
0.5166,0.0228,2.9487,2.50,0.00,1.19,0.68,0.66,1.01,0.61,0.04
1.0132,0.0064,2.9878,2.60,0.00,1.08,0.71,0.60,1.00,0.78,0.04
1.4609,0.0333,3.0085,2.73,0.00,1.07,0.71,0.53,0.99,0.89,0.04
1.9748,0.0502,2.9900,2.92,0.00,1.03,0.70,0.44,1.00,1.10,0.04
2.4671,0.0130,2.8407,3.18,0.00,0.99,0.70,0.39,1.01,1.43,0.04
2.9364,-0.0091,2.9598,3.42,0.00,0.93,0.76,0.32,1.02,1.65,0.04
-0.4909,0.0213,3.1796,2.30,0.00,1.52,0.50,0.67,1.02,0.60,0.04
-1.0106,-0.0279,3.0182,2.20,0.00,1.66,0.50,0.71,1.03,0.51,0.04
-1.5217,0.0443,2.9908,2.17,0.00,1.80,0.41,0.70,1.06,0.49,0.04
-1.9944,-0.0308,2.9909,2.08,0.00,1.80,0.42,0.73,1.05,0.50,0.04
-2.6320,-0.0433,2.9434,2.01,0.00,1.92,0.42,0.79,1.02,0.44,0.04
-2.9952,0.0379,2.8766,2.01,0.00,2.01,0.41,0.82,1.00,0.44,0.04
-0.1017,0.5161,3.0601,2.51,0.00,1.80,0.22,0.57,1.16,0.68,0.04
-0.0252,0.9875,2.9834,2.59,0.00,2.09,0.17,0.32,1.70,0.78,0.04
-0.0323,1.4458,2.9866,2.65,0.00,2.43,0.12,0.01,2.38,0.84,0.04
0.0267,1.8932,2.9803,2.60,0.22,2.55,0.10,0.00,2.66,0.98,0.04
-0.0454,2.3456,3.0495,2.42,0.63,2.56,0.09,0.00,2.79,1.14,0.04
-0.0377,2.9428,2.9617,2.11,1.50,2.52,0.07,0.00,3.11,1.36,0.04
-0.0117,-0.5533,2.8955,1.99,0.00,1.33,1.00,0.52,0.67,1.08,0.04
0.0272,-0.9602,3.0084,1.89,0.00,0.89,1.46,0.68,0.48,1.02,0.04
0.0230,-1.4023,3.0048,1.85,0.00,0.59,2.03,0.86,0.41,1.01,0.04
-0.0417,-2.5379,2.9211,1.77,0.00,0.35,2.97,0.98,0.40,1.30,0.29
-0.0351,-2.8958,2.9434,1.78,0.00,0.31,3.26,0.94,0.45,1.38,0.45
-0.0068,-0.0902,4.9462,2.60,0.00,1.52,0.68,0.75,0.98,0.24,0.04
0.5474,-0.0099,5.0380,2.73,0.00,1.57,0.61,0.64,1.01,0.32,0.04
0.9377,-0.0518,5.0565,2.79,0.00,1.44,0.65,0.60,0.99,0.46,0.04
1.4643,-0.0324,5.0704,2.92,0.00,1.41,0.69,0.54,0.99,0.58,0.04
2.0420,-0.0307,5.0637,3.10,0.00,1.38,0.70,0.48,0.97,0.83,0.04
2.4562,-0.0326,5.1549,3.28,0.00,1.33,0.69,0.42,0.98,1.00,0.04
2.9456,-0.0182,5.1105,3.51,0.00,1.27,0.69,0.38,0.99,1.22,0.04
-0.5681,-0.0606,4.9779,2.48,0.00,1.93,0.47,0.67,0.98,0.29,0.04
-1.0156,-0.0927,4.9352,2.35,0.00,1.98,0.49,0.70,0.97,0.30,0.04
-1.4977,0.0371,5.1046,2.33,0.00,2.14,0.37,0.70,1.01,0.29,0.04
-2.0960,-0.0404,4.9296,2.25,0.00,2.17,0.37,0.73,0.99,0.27,0.04
-2.5319,-0.1149,4.8087,2.17,0.00,2.25,0.40,0.77,0.96,0.23,0.04
-2.8632,0.0347,5.0768,2.17,0.00,2.42,0.34,0.80,0.95,0.24,0.04
-0.6172,-0.0104,4.9512,2.37,0.00,1.97,0.56,0.63,0.99,0.40,0.04
-1.0389,-0.0312,4.8871,2.31,0.00,2.00,0.54,0.64,1.03,0.38,0.04
-1.5299,0.0157,5.0634,2.28,0.00,2.21,0.45,0.66,1.06,0.31,0.04
-2.0130,0.0224,5.1458,2.25,0.00,2.27,0.39,0.66,1.08,0.29,0.04
-2.4883,0.0174,5.1251,2.21,0.00,2.38,0.37,0.70,1.06,0.23,0.04
-3.1100,-0.0746,5.0177,2.07,0.00,2.40,0.42,0.79,1.03,0.21,0.04
-0.0930,0.4263,4.8834,2.60,0.00,2.09,0.26,0.55,1.13,0.45,0.04
-0.0212,0.9581,4.9113,2.69,0.00,2.33,0.18,0.37,1.58,0.48,0.04
0.0388,1.5413,5.0193,2.76,0.00,2.82,0.12,0.00,2.37,0.57,0.04
-0.0356,1.8406,5.0390,2.71,0.16,2.89,0.11,0.00,2.54,0.64,0.04
-0.0570,2.1493,5.1124,2.54,0.49,2.93,0.09,0.00,2.60,0.77,0.04
-0.0289,2.7717,4.9970,2.17,1.37,2.76,0.07,0.00,2.86,1.09,0.04
-0.1326,-0.4874,4.9098,2.11,0.00,1.72,0.85,0.44,0.70,0.72,0.04
0.0645,-0.8917,5.1742,2.03,0.00,1.25,1.33,0.58,0.55,0.64,0.04
0.0803,-1.4377,5.0451,1.93,0.00,0.84,2.02,0.80,0.47,0.59,0.04
0.0456,-2.0678,5.0192,1.85,0.00,0.57,2.65,0.96,0.42,0.70,0.04
0.0019,-2.3928,5.0045,1.87,0.00,0.50,2.93,1.02,0.48,0.78,0.11
-0.0789,-2.9943,4.9974,1.89,0.00,0.43,3.34,0.98,0.54,0.79,0.35
0.0391,-0.0367,-4.9800,2.50,0.00,0.27,0.69,0.88,1.06,2.48,0.04
0.5229,-0.0143,-5.0211,2.64,0.00,0.22,0.66,0.78,1.10,2.65,0.04
0.9785,0.0121,-5.1435,2.76,0.00,0.19,0.62,0.66,1.14,2.81,0.04
1.4588,0.0317,-5.0895,2.92,0.00,0.14,0.62,0.56,1.16,2.98,0.04
1.9388,0.0420,-5.0732,3.10,0.00,0.10,0.62,0.45,1.17,3.19,0.04
2.5445,0.0507,-5.0269,3.34,0.00,0.07,0.62,0.30,1.14,3.51,0.04
2.8689,0.0412,-4.9299,3.47,0.00,0.06,0.63,0.22,1.12,3.51,0.04
-0.4262,-0.0879,-5.0431,2.20,0.00,0.29,0.64,0.90,0.98,2.26,0.04
-0.9362,0.0164,-5.1196,2.16,0.00,0.32,0.56,0.93,1.04,2.16,0.04
-1.6219,-0.0504,-5.0730,2.03,0.00,0.36,0.60,0.99,1.05,1.99,0.04
-1.9444,0.0308,-5.0081,2.00,0.00,0.36,0.57,1.01,1.10,1.86,0.04
-2.5826,-0.0159,-5.0839,1.88,0.00,0.33,0.62,1.08,1.08,1.75,0.04
-3.0127,-0.0654,-5.0818,1.81,0.00,0.32,0.66,1.13,1.05,1.66,0.04
-0.0774,-0.0005,-5.0778,2.29,0.00,0.16,0.67,0.86,1.07,2.26,0.04
-0.1011,0.4961,-4.9969,2.47,0.00,0.32,0.28,0.76,1.31,2.05,0.04
0.0083,0.5617,-5.0420,2.52,0.00,0.33,0.22,0.70,1.36,2.08,0.04
-0.1200,0.9694,-4.9777,2.52,0.00,0.49,0.18,0.47,1.90,1.87,0.04
-0.0617,0.8980,-5.2361,2.49,0.00,0.45,0.18,0.46,1.89,1.98,0.04
-0.0688,1.3106,-5.0203,2.50,0.00,0.66,0.15,0.19,2.43,1.81,0.04
-0.0409,1.8818,-4.9712,2.50,0.00,1.07,0.09,0.00,3.13,1.87,0.04
-0.0677,2.3639,-5.0917,2.47,0.27,1.21,0.07,0.00,3.54,2.03,0.04
-0.0652,2.8069,-5.0559,2.30,0.86,1.19,0.05,0.00,3.77,2.21,0.04
-0.0462,-0.5566,-5.1682,1.71,0.00,0.23,0.88,0.58,0.62,2.68,0.04
-0.0389,-1.0108,-5.1278,1.55,0.00,0.14,1.37,0.75,0.40,2.90,0.04
-0.0370,-1.4615,-5.0497,1.45,0.00,0.09,1.87,0.86,0.28,3.04,0.21
-0.0464,-1.9173,-5.1069,1.42,0.00,0.06,2.29,0.87,0.26,3.14,0.48
-0.0522,-2.2922,-4.9376,1.44,0.00,0.05,2.57,0.87,0.31,3.13,0.69
-0.0634,-2.8168,-5.0974,1.46,0.00,0.04,3.02,0.79,0.32,3.33,1.04
-0.0282,-0.0422,-0.1113,2.11,0.00,0.70,0.72,0.83,0.92,0.92,0.04
